140
SET 1010 1002 29
SET 1003 1000 32
SET 1003 1000 2
SET 1010 1002 27
SET 1003 1000 64
SET 1002 1002 98
SET 1003 1000 92
SET 1001 1009 47
SET 1001 1009 96
SET 1010 1002 40
SET 1003 1008 5
SET 1009 1001 87
SET 1008 1007 36
SET 1009 1001 6
SET 1008 1005 70
SET 1002 1002 68
SET 1009 1001 87
SET 1001 1010 83
SET 1002 1004 60
SET 1000 1006 86
SET 1009 1001 69
SET 1000 1001 45
SET 1010 1004 4
SET 1008 1004 98
SET 1003 1000 52
SET 1000 1001 80
SET 1008 1002 20
SET 1010 1005 92
SET 1003 1000 77
SET 1006 1010 47
SET 1008 1007 2
SET 1008 1008 47
SET 1008 1008 72
SET 1003 1009 19
SET 1004 1001 13
SET 1008 1004 11
SET 1001 1009 16
SET 1004 1010 82
SET 1001 1005 72
SET 1002 1010 43
SET 1003 1009 78
SET 1000 1002 69
SET 1003 1009 18
SET 1001 1010 58
SET 1010 1005 41
SET 1000 1006 90
SET 1006 1010 1
SET 1003 1009 10
SET 1007 1001 34
SET 1001 1008 13
SET 1002 1002 89
SET 1003 1001 56
GET 1001 1005
GET 1001 1008
SET 1000 1008 8
SET 1002 1003 15
SET 1001 1008 42
GET 1001 1009
SET 1008 1005 56
SET 1006 1010 81
GET 1006 1010
GET 1006 1010
GET 1007 1001
SET 1007 1007 65
SET 1003 1008 8
SET 1003 1008 70
GET 1003 1008
SET 1008 1003 43
SET 1010 1000 16
SET 1009 1007 20
GET 1008 1007
GET 1004 1001
SET 1008 1004 43
SET 1000 1010 86
SET 1010 1000 16
GET 1009 1001
SET 1001 1001 6
GET 1009 1001
GET 1006 1010
SET 1008 1002 83
SET 1009 1010 25
SET 1003 1007 72
SET 1008 1002 65
GET 1008 1005
SET 1009 1007 7
SET 1002 1004 99
SET 1010 1002 7
SET 1001 1004 18
GET 1004 1010
GET 1009 1001
GET 1008 1002
GET 1000 1008
GET 1008 1003
SET 1002 1007 94
SET 1002 1004 77
GET 1000 1008
GET 1008 1004
SET 1001 1000 76
GET 1010 1000
SET 1006 1010 70
GET 1010 1002
GET 1003 1009
GET 1009 1007
GET 1000 1006
GET 1003 1008
GET 1001 1005
GET 1003 1001
GET 1004 1001
GET 1008 1002
GET 1006 1010
GET 1009 1010
GET 1008 1004
GET 1002 1010
GET 1009 1001
GET 1008 1003
GET 1000 1010
GET 1003 1000
GET 1002 1007
GET 1003 1007
GET 1010 1000
GET 1001 1009
GET 1001 1001
GET 1007 1007
GET 1010 1004
GET 1001 1004
GET 1010 1005
GET 1001 1000
GET 1000 1008
GET 1001 1010
GET 1002 1003
GET 1008 1005
GET 1002 1004
GET 1001 1008
GET 1002 1002
GET 1008 1007
GET 1000 1001
GET 1008 1008
GET 1000 1002
GET 1004 1010
GET 1007 1001