125
SET 1003 1010 59
SET 1008 1007 38
SET 1008 1010 96
SET 1010 1001 3
SET 1003 1010 45
SET 1002 1002 52
SET 1003 1010 80
SET 1004 1008 20
SET 1004 1008 49
SET 1003 1001 95
SET 1008 1007 33
SET 1008 1001 43
SET 1008 1010 83
SET 1010 1003 78
SET 1008 1007 63
SET 1000 1007 88
SET 1008 1005 49
SET 1000 1007 16
SET 1008 1007 28
SET 1009 1000 83
SET 1004 1008 75
SET 1009 1002 19
SET 1006 1010 99
SET 1006 1010 12
SET 1005 1006 83
SET 1006 1010 91
SET 1003 1001 22
SET 1003 1010 77
SET 1009 1000 71
SET 1008 1010 93
SET 1003 1001 76
SET 1004 1008 53
SET 1009 1000 52
SET 1000 1010 65
SET 1010 1009 73
SET 1010 1003 62
SET 1003 1007 100
SET 1005 1006 18
SET 1005 1003 19
SET 1009 1000 34
SET 1003 1010 96
SET 1002 1002 49
SET 1003 1004 53
SET 1008 1001 78
SET 1008 1005 18
SET 1003 1004 52
SET 1008 1007 46
SET 1005 1006 21
SET 1007 1008 4
SET 1002 1002 96
SET 1000 1007 73
GET 1005 1003
GET 1003 1001
GET 1010 1009
SET 1002 1001 19
GET 1000 1010
GET 1010 1009
GET 1000 1010
GET 1000 1007
GET 1003 1001
SET 1009 1000 40
SET 1008 1007 14
GET 1009 1000
GET 1006 1010
SET 1005 1003 19
SET 1003 1001 71
SET 1007 1008 12
GET 1003 1010
SET 1002 1004 4
GET 1000 1007
GET 1002 1002
SET 1008 1005 65
SET 1001 1008 44
SET 1000 1007 82
GET 1008 1007
GET 1003 1007
SET 1002 1005 42
SET 1003 1004 98
SET 1000 1010 17
GET 1009 1002
GET 1008 1001
SET 1010 1001 79
GET 1002 1002
SET 1009 1002 71
SET 1005 1003 57
GET 1010 1001
GET 1003 1010
GET 1003 1007
SET 1000 1007 48
SET 1008 1010 88
SET 1010 1009 93
GET 1008 1010
GET 1005 1006
GET 1003 1007
GET 1004 1008
GET 1006 1010
GET 1008 1005
GET 1008 1010
GET 1006 1010
SET 1006 1010 51
GET 1002 1001
GET 1003 1004
GET 1002 1004
GET 1005 1006
GET 1010 1009
GET 1003 1001
GET 1010 1001
GET 1009 1002
GET 1003 1010
GET 1008 1005
GET 1002 1005
GET 1009 1000
GET 1005 1003
GET 1000 1007
GET 1008 1010
GET 1004 1008
GET 1003 1007
GET 1008 1007
GET 1002 1002
GET 1001 1008
GET 1007 1008
GET 1006 1010
GET 1000 1010
GET 1008 1001
GET 1010 1003