34
SET 8058 4073 71
SET 8691 438 4
SET 9313 3399 17
SET 8691 438 67
SET 9313 3399 60
SET 9313 3399 42
SET 916 932 58
SET 9313 3399 10
SET 8058 4073 29
SET 8058 4073 93
SET 916 932 6
SET 8058 4073 67
SET 8691 438 9
SET 8058 4073 74
SET 8058 4073 36
GET 8058 4073
SET 8058 4073 26
SET 8058 4073 76
SET 9313 3399 83
GET 9313 3399
GET 916 932
SET 8058 4073 100
SET 8058 4073 62
SET 916 932 23
GET 8058 4073
SET 916 932 100
SET 8691 438 2
GET 916 932
SET 916 932 65
GET 8691 438
GET 8058 4073
GET 8691 438
GET 916 932
GET 9313 3399